((("log" .
   [1 0 0])
  ("dir_path" .
   [0 0 0 0 2 0 0 0])
  ("path" .
   [1 0 0 0])
  ("safe_no" .
   [1 0 0 0 0 0 0])
  ("camera" .
   [1 0 0 0 0 0])
  ("SAVEDIR" .
   [1 0 0 0 0 0 0])
  ("fileno" .
   [1 0 0 0 0 0])
  ("SimpleSkipGram" .
   [1 0 0 0 0 0 0 0 0 0 0 0 0 0])
  ("servo" .
   [2 0 0 0 0])
  ("g++" .
   [1 0 0])
  ("/usr/local/bin:" .
   [0 0 0 0 0 0 0 0 0 0 0 0 0 1 1])
  ("Humidity" .
   [0 0 0 0 1 0 0 0])
  ("tempfile" .
   [0 0 0 0 1 0 0 0])
  ("result" .
   [1 0 0 0 1 1])
  ("read" .
   [1 0 0 0])
  ("instance" .
   [0 0 0 0 0 1 0 0])
  ("inspect" .
   [0 0 0 1 0 0 0])
  ("dht11" .
   [1 0 0 0 0])
  ("False" .
   [0 0 0 1 0])
  ("datetime" .
   [0 0 0 0 1 0 0 2])
  ("python" .
   [1 0 0 0 0 0])
  ("import" .
   [0 0 0 0 0 2])
  ("restart_disk_scheduling" .
   [0 0 0 0 0 0 0 0 0 1 1 0 0 0 0 0 0 0 0 0 0 0 0])
  ("restart_scheduling" .
   [0 0 0 0 0 0 0 1 1 0 0 0 1 0 0 0 0 0])
  ("dist_sum" .
   [2 0 0 0 0 0 1 0])
  ("CSCAN_left" .
   [1 0 0 0 0 0 0 1 0 0])
  ("SCAN_left" .
   [0 0 0 0 0 0 0 1 0])
  ("SCAN_right" .
   [0 0 0 0 0 0 1 0 0 0])
  ("LHS" .
   [0 0 1])
  ("restart" .
   [0 0 0 0 0 2 2])
  ("reset_val" .
   [0 0 0 0 1 0 0 0 0])
  ("distance" .
   [2 0 0 6 0 0 0 0])
  ("MIN" .
   [2 0 0])
  ("pre_req" .
   [1 0 0 8 0 0 0])
  ("const" .
   [0 0 0 0 1])
  ("current_time" .
   [1 0 0 0 0 0 0 0 0 0 0 2])
  ("current_pos" .
   [2 0 0 1 0 0 0 0 0 1 3])
  ("printnum" .
   [0 0 0 0 0 0 0 7])
  ("LHS_rev" .
   [0 0 0 0 2 0 0])
  ("RHS_rev" .
   [0 0 0 0 2 0 1])
  ("RHS" .
   [2 0 1])
  ("left_pos" .
   [2 0 1 3 2 1 0 1])
  ("right_pos" .
   [2 0 2 0 3 2 1 0 1])
  ("current_req" .
   [6 0 5 1 2 4 0 0 0 1 10])
  ("num_of_req" .
   [8 0 5 28 0 0 0 0 0 1])
  ("Buff" .
   [11 0 49 7])
  ("R_Directory" .
   [0 0 1 0 0 0 0 0 0 0 0])
  ("Spell" .
   [0 0 0 0 1])
  ("Dict/All" .
   [1 0 0 0 0 0 0 0])
  ("Spell/Count" .
   [0 0 0 0 0 0 0 0 0 1 0])
  ("Dict/Count" .
   [0 0 0 0 0 0 0 0 1 1])
  ("Dict/W/W7/" .
   [0 0 0 0 0 0 0 0 2 0])
  ("Dict/W/List" .
   [0 0 0 0 0 0 0 0 1 0 1])
  ("Dict/List" .
   [0 0 0 0 0 0 0 1 0])
  ("Dict/" .
   [0 0 1 0 3])
  ("List" .
   [0 0 0 1])
  ("../../" .
   [0 0 0 1 0 0])
  ("touch" .
   [3 0 0 0 0])
  ("substr" .
   [2 0 0 0 0 0])
  ("system" .
   [2 0 0 0 0 0])
  ("crypt" .
   [3 0 0 0 1])
  ("userid" .
   [1 0 0 0 0 0])
  ("STDIN" .
   [1 0 0 0 0])
  ("ngtimes" .
   [1 0 1 0 1 0 0])
  ("printb" .
   [2 0 0 0 1 0])
  ("row" .
   [6 0 0])
  ("col" .
   [4 0 0])
  ("nil" .
   [15 0 0])
  ("nul" .
   [1 0 0])
  ("Queen" .
   [6 0 7 1 0])
  ("setA" .
   [1 0 0 1])
  ("set" .
   [2 0 0])
  ("maxs" .
   [4 0 0 0])
  ("maxu" .
   [2 0 0 0])
  ("matrixchainorder" .
   [0 0 0 0 0 1 0 0 0 0 0 0 0 0 0 0])
  ("extract" .
   [0 0 0 0 1 0 0])
  ("increasekey" .
   [0 0 0 0 0 1 0 0 0 0 0])
  ("INT_MIN" .
   [2 0 0 0 0 0 0])
  ("while" .
   [0 0 0 0 1])
  ("maxheapify" .
   [0 0 0 0 1 0 0 0 0 0])
  ("maxv" .
   [2 0 0 0])
  ("treesuccessor" .
   [0 0 0 0 0 1 0 0 0 0 0 0 0])
  ("treeMinimum" .
   [0 0 0 0 1 0 0 0 0 0 0])
  ("print" .
   [9 0 0 0 3])
  ("rec" .
   [4 0 0])
  ("define" .
   [0 0 0 0 0 1])
  ("Node" .
   [1 0 0 0])
  ("degree" .
   [0 0 0 1 0 0])
  ("sibling" .
   [0 0 0 1 0 0 0])
  ("signed" .
   [0 0 0 0 1 0])
  ("hight" .
   [0 0 2 0 0])
  ("depth" .
   [2 0 0 1 0])
  ("root" .
   [37 0 0 3])
  ("inline" .
   [0 0 1 0 0 0])
  ("preperse" .
   [0 0 0 1 1 0 0 1])
  ("parent" .
   [10 0 17 3 2 1])
  ("deepcalc" .
   [2 0 0 0 0 0 0 0])
  ("used" .
   [2 0 0 0])
  ("deep" .
   [1 0 0 0])
  ("si" .
   [9 0])
  ("size" .
   [2 0 0 0])
  ("strcmp" .
   [1 0 0 0 0 0])
  ("strtemp" .
   [1 0 0 0 0 0 0])
  ("hash2" .
   [3 0 0 0 0])
  ("MOD" .
   [6 0 0])
  ("ty" .
   [1 0])
  ("tx" .
   [1 0])
  ("th" .
   [5 0])
  ("koch" .
   [6 0 0 0])
  ("sy" .
   [4 0])
  ("cos" .
   [1 0 0])
  ("typeid" .
   [0 0 1 0 0 0])
  ("sx" .
   [5 0])
  ("sin" .
   [2 0 0])
  ("p2y" .
   [2 0 0])
  ("p1y" .
   [2 0 0])
  ("p2x" .
   [2 0 0])
  ("p1x" .
   [2 0 0])
  ("conta" .
   [1 0 0 0 0])
  ("cmpl" .
   [1 0 0 0])
  ("ABC" .
   [2 0 0])
  ("join" .
   [1 0 0 0])
  ("abc" .
   [5 0 0])
  ("clear" .
   [1 0 0 0 0])
  ("printlist" .
   [3 0 0 0 0 0 0 0 1])
  ("str1" .
   [11 0 0 0])
  ("binsearch" .
   [1 0 0 1 0 0 0 0 0])
  ("out2" .
   [5 0 0 0])
  ("l2" .
   [11 0])
  ("in2" .
   [3 0 0])
  ("staq2" .
   [4 0 0 0 0])
  ("ldata" .
   [4 0 0 0 0])
  ("inp" .
   [3 0 0])
  ("lcnt" .
   [6 0 0 0])
  ("staq" .
   [3 0 0 4])
  ("deq" .
   [3 0 0])
  ("quantumcnt" .
   [0 0 0 0 0 0 0 0 0 1])
  ("enq" .
   [2 0 0])
  ("itime" .
   [1 0 0 0 2])
  ("quantum" .
   [3 0 4 0 1 0 1])
  ("timecnt" .
   [1 0 0 0 0 2 1])
  ("deqname" .
   [1 0 0 0 1 2 0])
  ("ti" .
   [1 0])
  ("deqti" .
   [4 0 0 0 3])
  ("name" .
   [3 0 0 1])
  ("switch" .
   [0 0 0 0 1 0])
  ("in" .
   [62 0])
  ("out" .
   [18 0 0])
  ("stack" .
   [2 0 0 0 0])
  ("bsort" .
   [1 0 0 0 0])
  ("card" .
   [3 0 0 1])
  ("goto" .
   [0 0 0 1])
  ("cars" .
   [1 0 0 1])
  ("maker" .
   [5 0 0 0 0])
  ("null" .
   [2 0 0 0])
  ("SimpleCar" .
   [1 0 0 1 0 0 0 0 0])
  ("pass" .
   [1 0 0 0])
  ("kilo" .
   [1 0 0 0])
  ("double" .
   [0 0 0 0 0 1])
  ("filename" .
   [1 0 0 0 0 0 0 0])
  ("num_reversed" .
   [0 0 0 1 0 0 0 0 0 0 0 0])
  ("IsSimilarity" .
   [0 0 1 0 0 0 0 0 0 0 0 0])
  ("TEST" .
   [8 0 0 0])
  ("CalcTriangleCentroid" .
   [0 0 0 1 0 0 0 0 0 0 0 0 0 0 0 0 0 0 0 0])
  ("ret" .
   [2 0 0])
  ("Point" .
   [3 0 0 0 0])
  ("struct" .
   [0 0 0 0 4 1])
  ("Triangle" .
   [4 0 0 2 0 0 0 0])
  ("CALC" .
   [2 0 0 0])
  ("ifdef" .
   [0 0 0 0 2])
  ("abs" .
   [8 0 0])
  ("maxn" .
   [8 0 0 0])
  ("max" .
   [38 0 5])
  ("~/bin/profile/programming.sh" .
   [0 0 0 0 0 1 0 0 0 0 0 0 0 0 0 0 0 0 0 0 0 0 0 0 0 0 0 0])
  ("str2" .
   [27 0 0 0])
  ("str" .
   [29 0 0])
  ("ant" .
   [2 0 0])
  ("cin" .
   [86 0 0])
  ("time" .
   [7 0 0 1])
  ("unsigned" .
   [0 0 0 0 1 0 1 1])
  ("bomb" .
   [0 0 0 1])
  ("Bomb" .
   [1 0 0 0])
  ("tmp" .
   [1 0 0])
  ("flagCount" .
   [0 0 0 0 0 0 1 0 0])
  ("flag" .
   [3 0 0 1])
  ("open" .
   [0 0 1 0])
  ("status" .
   [1 0 0 0 0 2])
  ("map" .
   [2 0 0])
  ("auto" .
   [0 0 1 0])
  ("--color" .
   [0 0 1 0 0 0 0])
  ("grep" .
   [1 0 0 0])
  (".vncporthistory" .
   [0 0 0 0 1 0 0 0 0 1 0 0 0 0 0])
  ("port" .
   [4 0 0 0])
  ("aa" .
   [1 0])
  ("sum" .
   [38 0 0])
  ("std" .
   [9 0 0])
  ("EOF" .
   [1 0 0])
  ("fclose" .
   [1 0 0 0 0 0])
  ("printf" .
   [71 0 0 1 1 6])
  ("NULL" .
   [2 0 0 0])
  ("fopen" .
   [1 0 0 0 0])
  ("fp2" .
   [5 0 0])
  ("argv" .
   [3 0 0 0])
  ("fp1" .
   [5 0 0])
  ("argc" .
   [3 0 0 0])
  ("include" .
   [3 0 2 0 0 0 5])
  ("MAX" .
   [29 0 0])
  ("cnt" .
   [83 0 3])
  ("hyouki" .
   [9 0 0 1 1 0])
  ("cnt2" .
   [6 0 0 0])
  ("num" .
   [29 0 0])
  ("mozi" .
   [3 0 0 1])
  ("temp" .
   [10 0 0 0])
  ("temp2" .
   [4 0 0 0 0])
  ("strlen" .
   [2 0 0 0 0 0])
  ("portstore" .
   [1 0 0 0 0 0 0 0 0])
  ("Port" .
   [4 0 0 0])
  (".portstore" .
   [0 0 0 1 0 0 1 0 0 0])
  ("fpin" .
   [2 0 0 0])
  ("buf" .
   [7 0 3])
  ("words" .
   [5 0 0 0 0])
  ("pragma" .
   [0 0 1 0 0 0])
  ("fpout" .
   [1 0 0 0 0])
  ("exit" .
   [1 0 0 0])
  ("ssh" .
   [1 0 0])
  ("string" .
   [21 0 0 0 0 1])
  ("cout" .
   [161 0 0 4])
  ("endl" .
   [76 0 0 0])
  ("sort" .
   [3 0 0 0])
  ("cn2" .
   [7 0 0])
  ("amax" .
   [13 0 0 0])
  ("Created" .
   [0 0 0 1 0 0 0])
  ("TATE" .
   [7 0 0 0])
  ("YOKO" .
   [4 0 0 0])
  ("len" .
   [14 0 0])
  ("return" .
   [1 0 1 2 0 6])
  ("test" .
   [9 0 0 0])
  ("isTriangle" .
   [0 0 1 0 0 0 0 0 0 0])
  ("edge" .
   [7 0 0 0])
  ("cel" .
   [1 0 0])
  ("GetTriangleArea" .
   [0 0 0 1 0 0 0 0 0 0 0 0 0 0 0])
  ("bubbleSort" .
   [0 0 1 1 0 0 0 0 0 0])
  ("IsEqTri" .
   [0 0 1 0 0 0 0])
  ("suma" .
   [4 0 0 0])
  ("sumb" .
   [4 0 0 0])
  ("response" .
   [2 0 0 0 0 0 0 0])
  ("mine" .
   [2 0 0 0])
  ("blockchain" .
   [3 0 0 1 0 0 0 0 0 0])
  ("values" .
   [1 0 0 0 0 0])
  ("chain" .
   [1 0 0 0 0])
  ("previous_block" .
   [0 0 0 0 0 0 0 0 0 1 0 0 0 0])
  ("CheckBlockInfo" .
   [0 0 0 1 0 0 0 0 0 0 0 0 0 1])
  ("nonse_" .
   [6 0 0 2 0 2])
  ("nonse" .
   [4 0 0 0 0])
  ("hash" .
   [2 0 0 0])
  ("DIFFICULT_TARGET" .
   [1 0 2 0 1 1 0 0 0 0 0 0 0 0 0 0])
  ("hash_str" .
   [0 0 0 0 0 0 0 1])
  ("Block" .
   [0 0 0 0 3])
  ("end" .
   [1 0 0])
  ("clock" .
   [1 0 0 0 0])
  ("String" .
   [6 0 0 0 0 0])
  ("vec" .
   [3 0 0])
  ("index" .
   [5 0 0 0 0])
  ("svec" .
   [2 0 0 1])
  ("charAt" .
   [0 0 0 1 0 0])
  ("textmin" .
   [1 0 0 0 0 0 0])
  ("minj" .
   [3 0 0 0])
  ("selsort" .
   [0 0 0 2 0 0 0])
  ("insertionsort" .
   [0 0 0 1 0 0 0 0 0 0 0 0 0])
  ("shellsort" .
   [0 0 0 0 0 0 0 1 0])
  ("command" .
   [4 0 0 0 1 1 3])
  ("delete" .
   [3 0 0 3 0 7])
  ("deleteFirst" .
   [0 0 0 0 0 0 0 1 1 0 0])
  ("deleteLast" .
   [2 0 0 0 0 0 0 0 0 1])
  ("void" .
   [0 0 0 1])
  ("insert" .
   [0 0 0 0 3 2])
  ("printl" .
   [1 0 0 0 0 0])
  ("keydata" .
   [1 0 1 0 0 0 0])
  ("NodePointer" .
   [2 1 1 0 4 2 0 0 0 0 5])
  ("head" .
   [24 0 0 1])
  ("key" .
   [62 0 4])
  ("data" .
   [1 0 1 0])
  ("deletel" .
   [3 0 0 0 0 0 0])
  ("typedef" .
   [0 0 0 0 0 0 1])
  ("node" .
   [25 0 0 1])
  ("back" .
   [10 0 4 1])
  ("tail" .
   [7 0 2 4])
  ("forward" .
   [1 0 0 0 6 9 2])
  ("new" .
   [1 0 1])
  ("newnode" .
   [5 0 0 0 2 0 0])
  ("make" .
   [4 0 0 0])
  ("next" .
   [5 0 0 0])
  ("del" .
   [16 0 0])
  ("find" .
   [6 0 0 2])
  ("free" .
   [1 0 0 0])
  ("showl" .
   [1 0 0 0 0])
  ("left" .
   [41 0 39 5])
  ("right" .
   [39 0 64 1 1])
  ("mid" .
   [19 0 3])
  ("solve" .
   [5 0 0 0 1])
  ("check" .
   [11 0 0 0 0])
  ("com" .
   [3 0 0])
  ("merge" .
   [0 0 0 1 1])
  ("mergeSort" .
   [0 0 0 0 0 0 2 0 1])
  ("n1" .
   [4 0])
  ("INT_MAX" .
   [7 0 0 0 0 0 1])
  ("swap" .
   [2 0 0 1])
  ("partition" .
   [0 0 0 1 0 0 0 0 0])
  ("VMAX" .
   [4 0 0 0])
  ("FOR" .
   [2 0 0])
  ("rep" .
   [93 0 0])
  ("cur" .
   [5 0 0])
  ("ans" .
   [2 0 0])
  ("min" .
   [23 0 1])
  ("tree" .
   [2 0 0 0])
  ("id" .
   [11 0])
  ("stdout" .
   [1 0 0 0 0 0])
  ("NIL" .
   [49 0 0])
  ("bint" .
   [3 0 0 0])
  ("debug" .
   [2 0 0 2 4])
  ("dump" .
   [2 0 1 1])
  ("inperse" .
   [0 0 0 1 0 0 0])
  ("postperse" .
   [0 0 1 0 0 0 0 0 1])
  ("pos" .
   [4 0 3])
  ("pre" .
   [4 0 0])
  ("reconstruction" .
   [0 0 0 1 1 1 0 0 0 0 0 0 0 0])
  ("post" .
   [4 0 0 2])
  ("nodep" .
   [25 0 0 0 0])
  ("inorder" .
   [0 0 0 3 0 0 0])
  ("preorder" .
   [0 0 0 0 1 0 0 0])
  ("treeDelete" .
   [0 0 0 0 0 0 1 0 1 0])
  ("fib" .
   [1 0 2])
  ("length" .
   [2 0 0 0 0 0])
  ("lcs" .
   [1 0 0])
  ("maxl" .
   [5 0 0 0])
  ("color" .
   [11 0 0 5 3])
  ("visit" .
   [2 0 0 0 0])
  ("tim" .
   [1 0 0])
  ("dfs" .
   [3 0 0])
  ("f" .
   [3])
  ("i" .
   [2])
  ("continue" .
   [0 0 0 0 0 0 0 1])
  ("close" .
   [1 0 0 0 0])
  ("prim" .
   [1 0 0 0])
  ("minv" .
   [5 0 0 0])
  ("BLACK" .
   [3 0 0 0 0])
  ("GRAY" .
   [1 0 0 0])
  ("cerr" .
   [4 0 0 0])
  ("scanf" .
   [2 0 0 0 0])
  ("num_of_pages" .
   [1 0 0 8 0 0 0 0 0 0 0 0])
  ("frames" .
   [1 0 0 2 2 1])
  ("queue" .
   [2 0 1 0 0])
  ("frame" .
   [5 0 0 0 1])
  ("lru" .
   [9 0 0])
  ("victim" .
   [3 0 1 1 0 0])
  ("Back" .
   [2 0 1 0])
  ("count" .
   [0 0 0 1 1])
  ("first" .
   [1 0 7 0 2])
  ("GPIO" .
   [16 0 3 3])
  ("led" .
   [3 0 0])
  ("turn" .
   [1 0 0 0])
  ("times" .
   [1 0 0 0 0])
  ("button" .
   [2 0 0 0 0 0])
  ("input" .
   [0 0 0 1 0])
  ("btn" .
   [1 0 0])
  ("pwm" .
   [1 0 0])
  ("start" .
   [1 0 0 0 0])
  ("dutyratio" .
   [0 0 0 0 0 0 1 0 0])
  ("duty" .
   [1 0 0 0])
  ("cleanup" .
   [0 0 0 1 0 0 0])))
